6766
6909
6804
6595
25256
19219
28065
23300
1128
438
949
212
16249
15396
14139
14632
5495
5069
4643
5051
3958
3935
3869
3855
4325
6170
4213
4163
40210
42384
42649
37241
47052
45437
48694
45321
8699
8763
8555
8840
12086
10504
11947
12458
10507
10216
11157
10707
1729
1627
2094
915
7620
13086
7757
7938
12545
12603
12558
12607
8484
8312
8330
12192
11632
11057
11972
10886
10181
10192
9806
10091
8850
8868
12632
9473
13057
12693
12793
12494
10583
11337
10573
10703
13216
8714
9229
13218
7235
7151
7199
7345
10503
11047
10541
10570
